0.05749471645113301
0.06323535113603837
0.05949827134996058
0.06093425666143035
0.060649143779602455
0.059793004107218196
0.052895485274166085
0.052895485274166085
0.052895485274166085
0.06645711236228462
0.08097789269585966
0.08097789269585966
0.08097789269585966
0.05745906706853392
0.05745906706853392
0.05745906706853392
0.055707607420441854
0.055707607420441854
0.055707607420441854
0.06795216089406503
0.06410895743018945
0.06562678853630877
0.06633196745499853
0.06491011985409523
0.0643369154665818
0.048625356561898536
0.048625356561898536
0.048625356561898536
0.06738661338933385
0.06738661338933385
0.06738661338933385
0.05839618858664418
0.05630670306666039
0.059709847967865146
0.07364073500981977
0.06962643108225505
0.06959624361396623
0.051022707165331194
0.053800784776220426
0.05997592419940869
0.06235456009874785
0.06235456009874785
0.06235456009874785
0.054807742842443975
0.054807742842443975
0.054807742842443975
0.09153748751188442
0.09981805167116056
0.11448775873058872
